39539669;14128
10776594;72441
39098019;2339x
12119448;11245
32830281;56676
9642216;78754
19101757;78827
27131629;76792
36105103;44233
28161315;46867
42140501;248x5
24239488;21346
37623171;98861
41848264;23304
24153721;73123
28178774;46334
39528992;86375
40091715;34x27
17972034;15622
22929180;24334
42352432;58347
21483969;67347
28775198;22121
6256835;41733
45951722;37334
13135556;68442
39594467;84265
38744593;83449
28385492;30393
42078465;384x1
10672565;56236
44995674;47127
22196739;46159
28708235;x0332
11669348;65755
26790729;52117
12408556;22171
27973277;47222
24607458;17335
19726065;31812
19051950;21227
37964245;83181
11663015;11355
25781134;14332
35833908;12588
4196818;36974
36201669;95415
38091282;26452
41009231;19255
22970675;78331
606558;17622
28091471;18691
18356846;37357
39098026;59172
9116156;85701
28719528;72x74
41897316;72139
13029176;46786
39601836;22846
18697105;41656
28253120;67253
10043581;x9064
10442908;65379
37923355;85477
11427350;68775
19547713;6x844
28400805;38347
35818958;63547
28279763;67627
27540117;88863
37964246;79425
48910366;49
48910367;75657
48910368;47558
43015984;263x2
28587473;x9344
5195995;44373
48638279;0x214
43547963;4x046
49063308;1x232
48073684;333x1
49063309;4210x
9862636;17744
40210478;43x96
46495388;7639
5867730;09
2365054;9x000
3507755;5x53
47906779;64
49063311;6x27
11942553;5x8
49063312;406
41774642;08x80
49063313;0x003
42491825;428x0
2292280;4
38989497;15260
4268583;32151
40928241;2x121
16653753;9x764
48048687;90372
38177764;32112
43328946;x0342
40611289;7x134
42900953;60x61
42421604;x1044
38589960;76371
45919422;2324x
49063314;5x
39161081;8x35x
48907731;4x7
3432912;2
48843780;58x3x
48638276;0x3
49063315;9x
48843772;84x
49063316;3x5x
49063317;42x
49063318;9
49063319;0x
15281425;090
49063320;88725
38534517;64795
40950305;790x0
48073700;x9004
38687459;4x34x
49063321;27342
49063323;8306x
49063324;3
47207966;2x403
49063325;49x4
49063327;4x
44781665;465x3
49063328;0
48907718;9x34x
38778882;64795
47816689;6x95
49063330;8x
49063331;0
49063332;x0x99
49063333;0x
372889;228x5
49063335;2
49063338;0x3
49063339;9
49063342;4
49063344;7
49063345;8
49063346;3234x
49063347;0
49063348;6x5
49063349;53433
49063350;257x1
41331331;33194
42188816;16x29
42859702;169x2
49063351;x6214
48907726;620x1
4605369;735x4
36673039;x818x
49063352;65x36
42571344;x5108
49063354;314x2
48289891;31x42
49063355;x155x
40586587;7428x
9497904;3141x
28255632;4028x
28507849;300x9
49063356;31x64
45690688;169x
49063357;33922
49063358;24251
4756103;1x0x0
49063359;41x51
49063360;93114
49063361;4x750
1245695;4x915
49063362;12457
7978021;x0656
48672129;14x86
10097228;123113
41527397;520223
40426076;173574
39258076;79-7795
9969248;734242
6120805;353425
23071434;213317
23510411;754343
35565692;6-59857
26088983;237808
28618306;1107-89
44247406;492503
36038229;71-2630
19481844;59288/9
24813879;058450
28781680;6-35249
838709;2
47001767;64
14874565;45
25100044;74
47883674;07
46014026;73
47449125;0
46868769;40
48651759;9
45720168;5
48328266;6
1464385;6
41112084;0-32321
42184166;246222
41904000;463124
39522769;825852
39144616;121463
40538387;2-38291
48271262;5
48271383;5
48412654;7
45325909;634213
24932906;982
5443529;23313
45326474;4254
46478449;743762
44603314;993127
765635;0986
39319964;221201
32495062;210853
28562893;064576
41112087;2-23663
44442;007481
11298722;903360
25493266;53100-0
11180317;273488
39803394;9-10469
36744816;285750
13617008;0-86D29
45281777;0655
13456403;241113
14089810;6056-75
42717138;141393
35676943;436954
40212790;216475
40736792;3-95155
5809975;34-6224
10903046;6700-56
28707756;256404
40262712;723-607
28236796;90-3417
16502307;64-6142
47194779;542
39726201;523223
45951356;6431
532420;932
41903993;131134
39590054;400550
41192892;361134
9124;016633
42896;1031-78
249071;541343
10006290;30-0471
25879243;21030-6
25300120;70-1438
28642923;8-51109
352629;1074332
22995776;4556734
18157167;5958437
35874813;5804262
39246812;5677574
2152999;1688353
25820891;1457222
28543537;41/157-34
23360168;3724213
25194417;3337542
31768478;128-4281
35446471;3286431
10185990;2535171
20793440;1854255
26229906;3539676
30514896;4165641
40475069;1451623
33064454;8836264
40116255;4173351
43930068;6243147
42739318;5546413
39597539;6239284
38842838;2557745
41401465;6244553
3995870;2276412
21654597;5363464
42716806;2251155
36234693;4057-988
37886123;3/747-322
41655391;68-6778
40997734;47625
41611124;36-56
43338042;4323242
45528791;42433
9992835;5-537457
24735413;143-5313
26536957;3-555775
41325706;5111867
32907667;2478162
40242534;1481343
20548488;3413262
23499813;4433321
13770265;2514344
40367953;5332413
34373398;5545361
959848;454-3336
45934261;1413
36615766;531172-7
40116252;8822492
44965849;1312
40548003;8-581166
47922540;35
46508992;5
11519570;6
46863876;3424
45350809;68586
47137232;65
47993656;4
47279950;342
48470381;3
48502035;7
380534;3
45799217;623
41401383;4-
48735063;6
1070202;7
41364680;9-4
1108524;9-4
1124688;37
169202;4
45028755;68
47575135;07
35447344;8-52832
40212787;685921
3233773;214626
20695824;4-56471
661590;4-56264
781207;653277
41192885;632-94
5647454;528160
25465701;212770
41122588;56-2815
40954457;00-4944
41411049;7-42410
24825424;331550
25465704;290025
10072608;361
51822;54
19708642;8
1043;0
27789859;8
47883996;706
48470850;0
3789426;225
48500507;7
44950335;040
48386286;0
43627397;0
5535156;0
40390222;231613
26400149;601090
39459040;313-542
28618311;436196
15062481;775915-
27165;11-1600
20247;175813
166899;212045
25652456;24-8DP8
10739864;058406
39113753;015004
36127698;611408
28652822;0987-00
40339979;132218
28557309;4-52601
25509815;15-4228
43974792;421117
19199919;440-113
28694521;743793
7648062;426230
26314798;553228
24720973;94-4093
13198964;3422
36972706;332223
15319828;12-0511
35664777;186813
41401387;423643
39882247;111685
35467164;48-6683
45720172;56376
40132684;26-5050
27436479;837208
41151010;3-445
43974796;74406
39565210;6236-83
39726701;454482
6746917;78-0351
28583477;522765
39154472;272346
31030;756
14960172;6-41275
21741805;525202
35912909;616521
11581020;201883
45500443;05546
25194141;781666
35792204;800074
1154589;43
45527636;72
47281860;3
48184418;6
48437773;78
47093595;664
45172590;80330
48437782;5
44864334;045
1484313;30
46636604;8
41237276;99
20023259;00700-1
18662914;903321
22140335;068671
40930647;85-5042
39459128;250964
25642125;509241
8757296;948033
3974862;200222
40043813;804003
28250882;7/089-26
41236844;60-3419
5501935;006750
36972590;55307-7
26182111;207858
39362629;08000-5
28751451;61060-0
40511647;040-0
5714410;930-092
20491150;10-9012
28244476;090/103
19746592;009142
21758082;582160
40094592;398726
40525241;24-0028
40693525;0-18048
40705821;055-005
11723083;907796
36492056;592950
40838966;08-0010
36337704;080/9-40
18766098;741/64-0
59675;0860-0
22399874;000600/
42346724;004000
44927074;07099
47955766;31
41299473;1-55332
11818370;034421
40778761;41-9563
46686521;866
39971816;631593
22207954;36-4637
40473383;58-7516
634781;94-47
40473376;144205
45374761;3940
40693466;51-2350
40930643;291086
21470718;79/3-52
24623773;70/9-142
35447347;750443
40626635;51-8325
39923840;253203
38929309;0884-56
26486480;003705
27386171;00-0264
36002116;46-3068
36410439;6126-04
16550358;2/33888
35794827;4479
39330275;3-13087
19561377;7-90840
12179085;36720-0
26588881;30/07-00
42337380;641610
2159791;22
47281799;6
145715;4
46132;8-8
15003741;66
47955765;00
35813102;3321411
40388557;4233216
13324844;87-23644
12031813;126-4518
19049169;6121517
21344355;1533443
20216104;5465735
27275339;7-485634
23836198;3215136
26321148;4141451
13111502;2-413676
11093209;6743782
19836937;5426456
20697700;58-44553
26888124;4553563
26817814;5231763
41021410;2123154
15964331;111-2355
17423467;2-374342
33798683;5-244444
13449967;2744474
27219021;386-1121
45824968;6
42486897;85
41870154;9-752465
19481107;9374664
5222545;5343422
25444696;5933134
21309064;3372514
11878324;5631335
21956976;2521217
14022710;4131565
25094848;613-4221
28712487;1714534
17162014;2116342
11685264;3695516
12161009;6668433
11761898;5331324
36246010;9429212
790518;1174525
25444801;13-45365
23210426;7676124
1237749;6574751
26746672;7056853
41564165;6312224
40056684;5-1
26888126;457/3-443
41516403;5544122
39511408;4682522
46747214;2132
46242221;3471
39862464;6222123
45432127;11353
924664;4222124
1345423;5822511
47007708;11
43902403;10615
40653111;418-5262
40853444;0-216152
40028944;1352242
28563763;67-23367
39081646;0236552
39471993;755-5138
40388548;7422453
13332455;5831334
40132232;4866512
1376615;2553445
2491866;715-5280
25725040;3-842333
40548011;3591535
1483888;74201
40372344;84346
17971605;87442
49040247;42157
24928274;16744
40773062;07076
49040248;66x36
43693407;734x
49040250;86x
49040251;392x1
46159944;3322x
49040253;462x6
49040254;433
49040256;5
49040257;630x7
49040258;23
49040259;6
38868760;95452
36685155;44423
49040260;56337
49040261;568x3
4333331;678
42170469;45535
40916703;4x644
49040262;58
42473102;48x05
28499128;26866
13083593;76768
11460921;75290
3480987;416x9
17971532;209x5
3816077;20x26
7308107;14x09
22758638;245x0
44144799;414x9
23783430;08303
39610800;22544
48199320;124
43224600;61x68
2190440;145
39318522;x32x1
693080;21x41
49040263;5210x
49040264;124x1
49040265;24x9
6428535;74807
6786316;24072
16837286;x2124
24465457;46859
49040266;x5611
43970369;78x91
39732968;21619
5691190;11496
42769514;51142
39858991;07689
11978909;67125
40685902;63741
36620963;3x748
49040267;881x6
1437114;1828x
36423450;16
27386260;28441
37619864;71038
42729848;56510
38454728;32633
18145074;62619
27005801;44118
24169685;01578
28699494;66024
12360975;8x924
17326126;72143
24514835;53175
42099003;87397
49040268;23221
20357261;61212
36121998;2x859
34980579;45261
28287326;73792
25751095;x3448
39317767;89438
28369728;x2951
46603512;41711
48261360;75168
2023783;39x51
4305303;x7876
26982598;x2253
33970399;x00x4
40940979;0x516
42676970;5211x
38321169;529x7
36750215;343x2
6940009;42216
22746505;09x0x
27038988;04734
2294642;508x1
35586385;x4332
47989120;x7187
40097473;8652x
27140957;29x50
41642868;45022
27400496;27784
25246639;7x864
42845592;84251
49089163;4x211
26610902;64212
22153060;33639
49089164;4224x
28209208;7648x
27945108;4384x
49089165;7x315
28528770;41x62
48261404;11x22
42139898;4x18x
49089166;1607x
709893;1x
49089167;6401x
37585154;3841x
38860574;7353x
36500137;1235x
42070759;358x5
43310593;3121x
41921912;20x16
48459215;x7631
24314142;91141
771554;42353
40917708;2x626
49089168;7798x
49089169;x2144
41921919;x221x
44365354;2x50x
14512341;05235
46653146;25313
49089170;0305x
14561843;77615
49089171;5126x
14867175;3578x
40599921;74636
36387358;16232
49089172;4510x
21268647;34424
45921129;3421x
25281247;8x996
36841029;112x5
28281193;x4043
49089173;133x1
39430381;2318x
49089174;4x313
49089175;21511
28889631;30x12
28498904;8x424
36122001;13161
39671146;36473
35804216;28816
45921125;2148x
49089176;446x9
49089177;612x5
41750644;86434
49089178;23750
49089179;800x8
49089180;63x80
49089181;47842
49089182;x911x
3431351;1111x
43155014;6x114
49089183;11x
47789286;50x52
3709205;2x1
43036494;1336x
46837434;73111
49089184;15x
49089185;81
42140494;1612x
24783268;1173x
2058718;74408
47843004;x4211
20373045;6089x
49089187;1151x
35524952;28434
39317790;x5775
12665000;9x900
21150557;x566x
49089188;3222x
28224131;21332
49089189;89301
47464513;2527
556878;327x4
48540754;0x738
46521273;43293
43434283;89653
43658749;5x234
48950534;846x5
43229672;x2688
48950535;763x7
28171788;69797
41398745;54090
28267222;40066
48950536;83479
11037051;26556
41234525;52182
42751710;9157x
48950537;7x948
43016025;5x436
38936371;61233
42472855;64248
38514699;16374
40501245;21935
38407311;74522
24141142;28813
41119803;31131
44450076;11x55
13072834;18388
7330015;7x253
16554840;382x5
48950538;7
48950539;7
4274085;49x89
48950541;43
48950542;x5768
214927;746x
48950543;87860
44080812;4x997
48950544;6x97x
5712774;37x66
43185219;7x749
38706956;93029
46521266;6675
42140093;7x980
43509954;6134x
38848080;46634
37081760;18896
5505762;78574
41048073;x7228
46753577;56
47829899;5
48129398;4
45775603;472
47829897;32
10180409;0
45775622;8445
47829898;65
45775613;4844
40010097;22-56114
2175619;6146762
28642283;5-664322
41288458;2121861
39826231;4634352
40552409;2591413
35828265;5526412
14594935;5777222
20925619;877
21736239;21225-79
28614330;3222813
28735329;8772548
35705202;7881556
35691889;6184623
38679752;3922712
42466432;665
6422477;606
42579275;6236557
43002507;279
41722348;7-365462
43159092;983553
45206749;84
36848434;0/5
40820031;5-32622
26781861;3454-334
47137215;055
39694999;8404354
40077145;35-
42525152;551
40887438;24-32451
35456855;3246727
39416266;62314-72
39013240;3283454
40781237;533-1568
11318390;31479-97
40485586;1595644
28181670;7443475
36716125;3325514
28702768;4/329551-
40605716;4-615435
37389796;9-233157
22200675;06-74346
40388497;0304627
24950220;66-06856
24589749;6345335
39882760;8532107
24177136;7756355
42963549;1622331
19882114;4271336
1497204;7242-362
19020581;18311-11
12425295;2363231
21850775;1568442
12420310;0513232
23233017;1725411
36159677;8131232
18469634;3511111-
47312591;57
46144784;6735
45374985;085664
41740232;6-275234
43210143;26665
45580937;73693
35702068;87-75253
38537976;7665453
42425544;068544
39154893;5774043
47167902;655
28583092;1166334
21727315;916-6519
790783;1563273
21168109;4113332
11611306;4012138
37946603;2832413
21685486;4124-914
25310300;2
3817051;2
48129390;72
43210083;033
45799153;333
3377552;4
38896876;0644248
46863754;33
42404104;4772713
43703658;4332117
40275484;3143243
28732704;6123164
42908392;5714241
38759073;1234521
26539883;6457122
40548010;1-9431
37564964;2231543
41752739;8214274
38174676;5677231
42113097;15-725
22504191;9516731
46233178;12
42865884;11531
39823779;677-5512
38393924;7421122
46252404;4231
27207738;13-41147
959833;2511268
18997694;4119542
30516095;16111-22
40136284;4312521
40748850;1871122
35876823;62-11324
25040314;1/1246-87
12506753;2794329
19851134;4803455
15247498;57-52783
1011750;6536424
23931927;2864486
21685488;47956-02
21003211;3235-909
17448358;4975657
14635848;1222557
39023233;08-017
40043610;7149483
40275962;5745454
40827636;1576573
44345132;5550452
35579395;6357725
15221977;5466346
21909117;718-6244
25025573;466-3343
979834;8537677
21221185;3443534
11578060;1311231
27881466;2131182
12825816;2315124
35638140;3211536
22867479;3221234
13207452;6731-142
35942051;6572243
16698023;2322434
22546042;4432574
24778120;4437661
11871252;3357656
25433586;2467826
25171360;710-7475
38537990;4263434
1555687;4636643
36402024;5145656
5873628;9244661
24046506;2322241
24402573;6437672
40214353;4716554
7327225;1664434
37414649;412-4212
19398545;35233-24
39661586;6241762
24832960;6314414
26452333;2254645
39726117;4844242
44109677;353155
36910593;8186699
41365556;2155714
42285195;1586971
40649667;7763646
40827630;5524035
8685798;6440227
37729782;2562326
42149846;4-252
16837190;336
5766981;32672-24
46792239;5
921084;5-672953
43977392;25
882175;2345222
40827625;1352773
40477046;7622456
39631154;3-537442
45092164;156
40817709;3166743
38480297;5825-357
5637045;232-1288
41503436;15-85656
19669410;2321261
12204138;1357154
23950614;3114633
24778119;1732485
24869882;5455551
39236551;1466444
37522855;4116106
35614271;5561782
26523539;2311862
43401290;2141x
24023203;44556
593647;563x1
25475496;88x38
1138024;131x4
19187142;24514
48934491;42425
36894764;x3845
24241716;5x867
40878765;31883
45898098;16464
47693109;41155
35994349;61131
24553961;6x47x
36620960;770x6
40698259;12836
19062465;10871
1558641;75573
39989823;52407
23278480;07025
39218545;81x7x
48934492;3458x
38858983;117x1
27757619;09467
3664576;5258x
48934493;x3226
48934494;x2224
35621020;46212
41676679;37166
41844762;31646
48934495;x2216
38454733;x8741
36794799;15613
36758051;14436
40297461;x5561
27921974;25068
28447721;04822
38858944;250x5
5657118;29284
25009522;35420
12608248;64325
20274584;12752
1405369;21325
28273752;21690
28143538;78151
28091421;37657
42537804;68864
40956220;80683
12775161;27783
38388094;9x357
41642902;56772
35382037;86624
25009525;93476
27932708;65027
24339246;76234
23047289;47891
28396560;43246
19167433;53551
24141121;13834
36395324;76533
7392253;96537
42464226;77x32
28773494;9x345
48934497;99x68
48934498;6838
48934499;78x
42335604;657x5
48934496;5
41050043;206-73
42080507;43-45
10058007;335431
27752;159533-
26375042;759711-
27072335;222P33-
10991079;834-35P
41779885;800-560
42822009;340655-
11173075;410525
16939666;5111/28-
12610576;122254-
13221627;224111
38331736;1-61833
24121890;523836
37471777;1463-35
41636149;060P-4P
2685826;65-8263
13054202;8599PP/
24144432;613121
21865414;0831-14
13086227;2P324-3
22109307;55BP-U7
11198789;F588-73
44743027;1P-012
49049405;1
42425315;2-
25525994;2107-3
42284406;33-55
36299339;466-703
35940270;235-514
19450871;154U34
10106552;367804-
25377538;55652-4
18765633;412-225
15851505;1/21F-56
27616;53/9-745
45720682;4-3156P
36600779;7311-21
27449516;13/6243-
625793;72431-4
36841328;531130-
774728;4-PP23F
11299022;6989-5P
29827224;4346244
9647220;6232215
10325170;5361631
28242930;6-314552
24726629;5721432
28351300;4331666
14420850;7454363
36402094;5662764
39013307;1125557
19608428;5511735
32907661;17-35131
34909696;5441353
33149204;5544313
10255287;2452255
25285101;7255723
37525436;5676566
19563522;6373836
24298552;5277744
16563458;9425355
20146675;6242354
13557553;6443849
35644378;7113643
16264756;3512735
41288184;1122153
39069570;248-5362
42851705;4311765
35874817;34-23244
59482;32
48029869;3
45771833;464445
43495770;84
45239212;5466563
44949116;3
48651753;6
48470367;2
47002800;6464
48061959;5
48406616;3
47002802;55
41200475;2523254
47223122;52
43469360;322
41313666;2546355
27880731;3323631
8647936;3314374
10894803;5324273
40339727;1454245
27268261;5214662
20870446;3154634
35582651;121-4136
3472742;75233
47472145;66
48934647;7x587
48934648;65
1132843;72322
48934649;44424
47612063;68895
6358005;2425x
44759281;x7884
43326821;7478x
45968570;65878
41009225;7238x
48934651;17
1192835;96495
38533799;85485
35586031;55386
36386748;57869
36781980;84787
162443;10568
25522098;36829
5785536;87674
36305944;33424
39377689;48728
23156807;736x3
17493433;77866
19769589;59272
10091564;27345
23742197;33388
26709637;86274
21755513;95855
17733243;29971
25765989;48x98
25178690;93643
25249543;11488
22268850;22335
22822186;73712
41468709;46424
17669343;34563
22792243;56433
24984871;48253
15449536;52656
17526097;44131
28429986;85212
3864161;14471
10372868;45371
17992203;484x8
11565462;83425
35539615;63732
9675901;51926
10776619;75517
21301156;24173
37398273;9266x
35994433;58735
40939282;17644
13522522;46533
24091760;21223
4639650;53094
29059499;42774
28329817;41558
44416746;9123x
19351803;11527
34338327;71577
9351271;31441
39905441;36557
1240449;82920
42195643;6425x
42945026;68286
11658331;25892
20931833;33814
18221512;463x7
23926422;31154
24465492;14653
49063364;4x3
49063365;7326x
49063366;4248x
49063368;66x
45168691;22x
5070526;5993
49063370;7x
49063372;0x5
49063373;7
49063374;6x
49063375;96x
49063376;85x57
9647174;x22x3
47295351;x5327
37025155;36537
49063377;5x
49063379;3x960
49063380;x4x0x
37995197;6x8x7
3776018;5x
49063381;4x
49063382;6
49063383;4x
49063384;5x
49063385;0
49063386;0x0
48290713;7x6
12124657;3x
49063388;4
49063389;4
44389865;2x22
49063391;7x445
49063392;8x
49063394;7
49063396;7
49063397;2x63
2309447;6x
49063398;8x
49063400;0
47241137;7x65
49063402;2
49063404;226x
48234617;6
49063406;0
49063407;8
48290349;68x5
44619400;200x7
49063409;4x033
47591159;x2425
7559920;84x0
49063410;0
48516576;426x6
41920772;26222
49063411;03x66
45590893;77729
49063413;6
48616330;2
48401585;3x70
49063415;0x9
49063416;60
49063417;65x
49063418;500
25054482;195x0
44711926;071x8
38545176;553x8
28170676;320x4
49063419;2x13
26778059;50315
38197755;4x009
38523188;3x50x
21544360;51028
49063420;27x78
41589656;648x8
49063421;7462x
45590922;76x27
45758784;31490
28453456;44044
28170806;05417
38187683;05x62
43166632;x2321
42360826;347x4
20862973;2239x
28291253;927x0
43817123;70x82
40599258;34047
49063422;9x556
25473703;76x85
28547274;5x757
49063423;x1257
47078147;04843
49063424;00
41499595;2110x
1055157;1x0x4
49063425;14
42859914;153x
25813331;830x3
36772100;00655
33956032;4286x
42560867;2266x
49063426;5156x
49063427;86x12
41859281;x360x
28877542;85925
36611699;25625
36409685;5355x
39243010;2019x
49063428;990x1
43166642;5x117
1050956;2190x
40961534;121x5
42412667;14953
49063429;41x48
48516598;521
38753773;27252
46968183;x3383
49063430;5140x
6535680;000x0
48105530;578x9
49063431;16
14001981;50293-
28746763;42-
48375104;0-
48375103;4-
44914360;073-
2856005;87-
45192735;9843-
42194727;766583-
47463972;7-
8398722;99225-
44347008;0785-
42147628;055213-
39690739;727464-
46521158;17-
43800359;943211-
2429309;445961-
38708523;9/50374-
39297775;5/43190-
38549577;0/93842-
13296841;852449-
699482;7475-
414495;2-
41245920;952525-
44163584;42252-
43332189;563255-
44712665;6327-
8729665;444223-
48199633;0-
9527;7-
815200;383336-
46409359;650-
4764319;08-
8458060;0743-
1300467;87-
914797;3-
46604153;06-
45192732;8880-
45876063;00-
40799609;565/72-
3607;09385-
43989417;8563-
1112124;90876-
10154776;74234-
20210769;67-
27403222;24-
46241492;332-
48490330;0-
45120883;2722-
48605489;8-
270069;0-
46241493;769-
2498949;352450-
822910;93-
48605490;9-
28642168;5-
42078682;0/40802-
35815302;068312-
42690155;55221-
7235013;57046/0-
39397005;60/6659-
16714;788514-
10398178;683478-
475497;789154-
41512331;806/17-
28701343;137527-
40502327;0/17533-
45120877;5413-
38973974;843244-
309596;11-
4724704;517658-
1338595;295363-
25034244;031205-
39540627;522214-
516691;122437-
43989420;175-
42037053;6/4214-
38257169;613137-
41161483;442132-
9974631;1/6140-
41386574;152419-
41386573;133/43-
27405939;315185-
41861422;291131-
43654005;3314-
11053060;1344-
43654003;719-
40830189;4/31766-
38524437;675482-
23565783;455349-
15857553;102-
36038153;506191-
6764773;532271-
35728824;695243-
42281785;104157-
46549841;1-
46027857;518-
49088533;7
49088538;0
49088540;6
49088541;3
49088545;7
28648013;13351
49088549;63116
414814;64x66
4260970;1334x
39317980;21111
37796245;174x3
5490295;89x06
37792040;x1318
657282;43413
3447402;95x10
26067730;03741
1099864;5x083
41408288;x1612
38398897;x0772
35696549;x87x1
40611996;5x213
940983;124x9
41189530;x2294
49088769;31763
8229436;56151
28596598;99055
42351177;x5941
49088770;97411
12268182;70026
41222549;1286x
39350537;313x3
43917669;311
47906023;2x112
49088552;12x
20555296;314x2
49088553;x22x1
47591305;15
849709;1
49088554;15x32
49088555;2
3587738;22211
17561840;71133
47016677;52624
23807392;0x545
16623758;43510
24442633;81396
19660649;53125
39800501;77248
37518021;21712
39811392;13286
27615006;480x5
40701516;5x114
44144267;2x117
41223086;514x1
27592999;20x50
28303686;325x4
4887243;421x1
48458612;116x1
44562247;1x181
49088556;1641x
40534404;36114
49088557;2434x
49088558;3x50x
49088560;34341
49088561;21313
17103173;48x32
28161466;04335
28303692;30x66
7977348;43118
20689403;310x1
49088562;66153
48458613;8x245
28420290;41x79
49088563;326x9
40775316;905x2
38860490;3x012
37753902;13312
28309723;9x80x
38925172;x880x
38466396;3531x
49088564;168x4
43969683;2777x
49088565;176x5
39243224;21343
28420686;3232x
49088566;3117x
41589516;04691
41675685;x3411
28597140;x4690
40198479;x40x0
17020957;4x77x
42324010;1163x
1090339;5x623
13666300;21124
49088567;16x16
36841435;168x1
9082245;675x4
49088569;517x9
49088571;x7442
49088572;21353
49088573;15796
39530043;13443
38475740;x87x1
49088574;51132
49088575;32514
49088576;0x824
49088577;4840x
35880679;65919
4393092;23x12
38345780;7x530
20229891;06x22
28454148;199x6
11036821;310x7
915531;12113
48672562;76x78
28648293;3173x
23705198;1155x
48672563;130x9
41286186;41231
43378258;112x9
49088656;51312
49088657;22x11
48048900;3x424
47241136;6x143
41132467;3x976
45168734;4x137
48261040;11x7
49088658;3x161
43988519;66x15
49088659;x5700
47692751;12
49088660;0x116
49088661;27x1
49088662;1x2
49088663;1
28453776;7248x
35910279;1455x
39586934;10x84
38590588;x411x
49088664;4121x
35910433;970x5
39800369;49x94
25388288;4266x
41222512;2158x
39969573;5x68x
49088665;x308x
39152380;22043
49088666;0x146
49088667;558x1
49088668;5256x
27038246;6x7x5
38999749;x9x03
47841970;72x29
48048888;x5711
1147654;35x15
49088669;1x914
49088670;x81x9
537550;111x9
41075241;20x01
36685771;7x608
27850075;74x87
45542350;93231
26324267;x0407
49088671;220x8
49088672;x5133
38534868;322x6
38522859;873x1
39065517;0x709
24036641;39x23
49088673;3420x
45143462;311x5
9590032;19x3x
43351323;30x70
41575031;18x41
39233188;13x13
38177773;6x214
26407483;1x721
2199114;1x115
28648309;6x032
27693536;2x876
49088674;19x11
36685713;2x642
2921044;1x331
1232671;1x43
3656200;1x211
757192;1x214
49062934;1x338
49062935;17x21
49062936;1x472
1294911;31x22
49062937;5x01x
49062938;12x7
49062939;11
49062940;40x54
2469582;1x43
49062941;36x59
49062942;152
3224396;22x14
49062943;14
49062944;17
27281384;80x61
525917;20x69
26223740;46x16
49088675;409x4
49088676;23x11
38607616;7x940
119393;06305
38285277;211x3
47841949;21x21
4030234;46x77
49088677;7x112
40273294;16111
49088678;50x23
40674834;0x734
49088679;6x622
49088680;62007
4406349;5346x
49088681;311x7
44966643;1x161
40522110;0410x
36501513;559x7
41286188;00x84
40835848;1970x
297491;x320x
40775969;4323x
41222517;154x2
44735701;144x4
28453787;2453x
40940633;x602x
49088682;95421
44563181;40x06
41831376;90145
43837688;x0699
28547267;08660
33957171;x4x77
42098368;2114x
49088437;77152
9558388;22872
41945970;x0641
45722307;9x001
49088438;12x13
49088439;23131
26719853;8341x
43223833;231x1
49088440;6x551
49088441;523x4
49088442;x2670
46133763;32121
49088443;7x050
49088444;02185
49088445;x4011
49088446;87322
49088447;26x40
49088448;87271
48261103;0x793
42879327;230x7
28728646;x8927
48234682;21212
45347609;2093x
42077036;24614
43636361;43x42
48615115;113x7
38829073;83519
49088449;x1038
7336326;6529x
43350764;6x818
20633891;7x880
41512986;3x645
22459714;60x97
24514356;2313x
27858230;007x0
38187427;33340
616322;5x968
42087807;107x0
41920728;59x51
49088450;406x1
47612342;12512
49088451;743x3
49088452;777x1
43058049;x6171
42588545;x1044
47841925;12x52
43504457;19x77
43035584;x9613
49088453;11x24
49088454;110
12742884;7x1
49088455;2x525
49088456;0x116
43668854;6x818
49088457;2415x
41832028;59x97
907777;150x5
27068040;2x73x
28249821;9838x
38607636;435x3
40752842;40x38
38108817;4x332
38608148;x6232
39800399;0x141
28389446;0x314
49088458;2x183
43636350;5x330
10710338;7x486
49088459;41x4
42482669;x98x5
45168602;13
48821325;51
790664;1
2322971;61
195390;13
49088460;12812
49088461;8x211
43668859;0x233
44913145;12x80
49088462;1x760
2987518;3x851
49088463;13x60
45541875;124x1
43308899;34x12
18200742;1144
49088464;0x937
47268635;114
49088465;2192
49088466;3221
1188004;721x3
49088467;38x44
49088468;141
49088469;4x814
49088470;51
42154627;79x71
49088471;1
6009925;1
331431;20x69
43350778;111x2
49088472;51x70
49088473;1518x
39242488;2221x
49088474;184x0
1158282;14x05
7948737;232x1
44011990;463x1
49088475;120x4
49088476;720x3
7258971;x1x11
41574548;417x2
49088477;81x64
49088478;4831x
49088479;2815x
44967254;1519x
49088480;50x48
28720388;2128x
40940565;34x76
43350915;0x811
42087927;166x5
28459795;8x864
49088481;9x110
37792034;5x282
41988859;107x0
23065883;x6066
49088482;313x1
38829056;448x0
49088483;0x317
43154215;50x11
49088484;1124x
48672353;15260
48458808;50x48
31383646;420x1
24139886;117x7
49088485;284x0
3805019;16x28
281491;7x172
42997645;x7111
1401719;900x0
49088486;x5139
797122;2118x
49088487;x468x
27058091;65x32
26003158;1290x
39871828;24-43564
40275452;22356-22
41038716;0-
35916403;25/24568
26002852;867763
39841399;2335364
40125181;5595874
39685198;0021742
39692814;7766546
40403353;4344841
43995951;413762
43870416;48414
26362597;4-355777
42000375;3563471
42149844;7145333
40438301;1-52
35381062;3776723
42195686;5-126273
39958319;2323281
40033867;2219462
26379799;415/9726
40033829;7-048124
2258434;6492155
40653098;36-33511
43583602;581172
41163899;2581107
24832947;02/640-4
25826233;3333223
40966137;5525314
27103617;1-775234
46819094;222
46902343;5356
47883568;5
183768;5
46819092;520
48061985;23
45929140;35
26148955;6725-356
12579518;1322222
19621827;45-26012
40214409;8585131
28612284;81/2-1251
39682310;1187133
28599955;1274395
27211291;5-464514
35824584;7574614
39633516;160-8236
33149239;018-5174
28116807;2225312
40438298;1531331
35828262;1/4211-34
40828221;1178-1
8831947;3133351
26145998;6315227
25210928;6374125
8026840;6874766
39682311;13346-74
35531381;9492334
35478995;4213632
28625267;6163233
38422496;3217913
4294089;5324521
30514889;4123754
22050793;9/330-262
26456854;2735284
48125907;1
4844400;7322452
46144838;72174
36628450;9877779
36140554;3352574
11076866;4623617
40275454;3-441
42122404;4387188
41168096;8-214957
43702237;5435417
39915769;8272422
31003021;58325-41
5984267;3672456
45225928;84
47471182;533
47471181;045
39825491;76
48089393;88
47471178;05
47826499;09
47425090;9
48830831;6
45225925;00
46949626;00
48213904;0
5085669;98051
45225927;0601
45129124;60512
45172594;000041
45129122;8662
45172597;005
42267821;48729
11375326;5475
26491671;45695
45129120;09336
45005600;87877
12186707;704703
48089391;786
14746495;06456-8
19679361;707002
19679365;951214
41236840;00-02
40353292;403841
43188983;001959
41101525;068763
36436321;80-4007
21848204;1720-28
43790509;5940
38270386;384084-
40954189;0-60500
6528964;182280
11333927;500460
25149360;01/4452-
41248569;70-8909
40503635;040-
17946;700000
6684884;772660
43360661;080038
25022676;409040
42252386;0300
35886777;130090
35625781;217939
24111102;300951
3568469;317338
10873011;082322
36218080;424203
7275074;223613
12760618;604472
328260;309440
38612558;631581
39389792;13-3005
43727338;2710
9428459;909080
40426037;6-04034
11620598;271460
11162151;057-000
20066382;051350
46250482;336543
46173881;8
180163;36
47672163;03
45692923;6
48799817;0
47545825;68
5170929;231
40910261;2-14282
36468482;887695
5605676;219-0
26515633;315852
35625780;000601
28723407;000-875
40616251;164230
13395086;445866
17063505;613085
40390220;10-458
5752861;519
38872970;789-080
28575498;0-70790
43869845;700641
23527812;6/5397-4
29969245;162452
40503628;783322
29970173;322028
21758084;818-002
41754805;8-76537
23611855;040005
40615558;0707-08
45476276;080050
44081491;80087
63481;676068
39330080;4-00090
28687984;289970-
47224531;0080
38519631;088010
39813331;00-090
39613719;9000-70
42072149;6-8730
46949628;770
41200979;0-47606
39947040;391334
44330727;00001
41401350;566530
20225377;221/97-0
36413485;0036-06
28677708;007241
42346722;033255
41337938;0-800
13306156;23-5260
40450836;70-0063
42091665;080003
36062780;977265
40756452;7-08000
38872968;60-005
26974711;006600
20507375;48-8064
40327497;0-00055
24813920;538-000
15424284;30-0009
243769;9900-70
13322518;70-00
42015845;7-5889
46015678;7686
47367215;275
41580468;6-5
39459742;3636435
41192698;7625258
40495999;4-332332
42113069;7243537
10180613;4446-482
20284019;1534765
11707855;534422-7
18469642;563-2145
10084141;8-555585
39522915;2221761
13831406;21-12
41080299;0-55211
40919674;1-462143
35400395;9423214
42767376;4145731
35751821;5481253
30792430;3-332142
24501061;3-874413
26192988;4/412411
25754380;253-3115
37094450;6344221
25194446;3162722
40225986;1322233
27359216;9007-155
26772909;5445535
23078;33718-7
40778625;60-78114
27891496;1-356571
25365012;7758153
11578025;1313463
28332500;4424356
18157215;24-55134
38537986;6127118
37936;8-455416
15420033;4111676
22995731;575-4437
18247793;2555122
31602855;1231855
11380048;2261153
10223821;213-7211
24655688;2523316
36246017;8745355
24079936;3256-446
44796469;55221
46780901;8713
40028176;5-566643
37459729;5453522
39871816;3332657
24969714;222125-
28673205;4222-21
27135756;2111P4-
28007024;1P5221-
13182402;0P3-257
49073664;444651
39371721;25P58-3
22972744;856722
12232708;33-6562
24174461;44P99P/
13416952;2P636F
12044590;15-3544
24174449;7-72574
42697746;61734-P
15949738;0-3
49073479;32-
47775308;2
49073478;P4-3
49073481;2-
44169441;7-
48158144;3
48605088;7
8566;33/1131-
11911782;5/25431-
12886948;1P22-12
866302;U56153-
14542463;633316
21822170;1-P3844
36140408;633P5
22292113;45-13S4
16427280;588P-54
1451045;4200P7-
7254650;1/2F2P-1
1139495;271351
36643074;0/23215-
21848154;22P42-3
44149119;421-
43996427;24-
41061544;53P-F
41192915;0178-
41847970;7-8
4339930;49
38725115;43/P-317
41731484;6476-03
40438021;6P7113
27009401;2/52583-
27110016;8/0F4P4-
13557;3654
39911568;132245
41554397;5444-
36573601;P7968S
34003200;559P8P-
38662671;U68
10679951;42336
41313696;76-59U5
43753209;P9-70
18766094;U32142
26664742;516-
11350762;0-33337
41667696;8
48470723;F-4
21339430;63-6141
21580749;4-21172
21580747;121423
23088760;5P1414-
8437536;67319-4
38863065;4/2213-
42416878;133-
25789131;52-
42071975;947-4
27274533;31/00-
41731444;52845-
42134946;3384-
36094064;9P-9
41299256;221-111
10992930;2111-12
14972098;713312-
12528574;311123
19267160;398-313
28387092;13
40413683;42
13365491;653216-
42851370;45344P
36476463;33-1784
18766086;7/7481-5
11314227;7P636-7
15926913;9U/4495-
37094653;534P-69
28484680;1PP4-P
24109865;226432
17878403;2371-2D
1213609;431-422
1193118;336573-
26253998;2224-33
24462986;14-7136
36502089;18495-
2530121;252428
41377809;F/344P5-
23523789;124412
40954464;151035
1402227;110230
26781778;161038
972599;165853
39522765;574510
26486472;876364
28723218;401-037
40426038;099019
5609664;178640
40943252;211007
40525246;105680
48412655;3
48060913;37
47855694;2
47471332;94
249584;65
40789405;56
35751556;882632
23983745;143120
17801276;461416
33598060;312164
10284442;436125
5579282;863529
19867208;8-45574
11844197;120684
214740;789565
38872974;339756
19315122;258450
20102820;434688
8992506;8/60-506
13198541;204972
38772328;1-88451
25769039;210341
9969446;143451
8831144;870742
24694001;225609
17601133;525518
36703959;845670
39862457;5-77320
8212020;566705
23959743;8-23290
39862460;122201
28702288;0-77231
17103297;312302
10991110;980152
39650699;467227
35714986;320640
35765712;278652
18873851;67-3917
15900;058620
40378883;125956
20210768;930790
26804884;377132
13538377;211420
12787744;9-43273
39660526;283334
45527634;080892
41364673;0-67350
29289042;575169
40178614;0-46U36
11854739;470788
43727259;860858
41456584;213417
21568564;943195
44107658;057229
39660529;761U06
17896419;946305
9213334;062576
41080577;0-30260
39459116;4-68675
41401369;0-90608
36110953;322212
40765943;127312
27145258;425843
43680933;531601
40930715;524238
7374621;753557
40241845;579230
21505207;909-074
10155;322576
25638060;03-0667
45549752;0550
9763955;46050
38461223;65224
19063022;40504
28658340;64x07
35536798;95900
35102409;64212
44145196;17076
49062945;35111
612986;x5640
16504631;759x4
49062947;352
49062948;52
49062950;3x3
2528903;660x9
41294548;45x64
41110430;x9530
49062951;22x4
39519593;0x253
49062952;931x3
42401640;7x752
41830696;21x34
3699941;11225
1521178;74771
21138355;221x1
8787184;11x83
42140061;8516x
826629;79265
38694333;180x6
36024272;86x54
49062953;8x853
42546495;23194
42147388;75427
27572249;21360
28647109;58984
48458583;23122
49062954;030x6
49062955;8
12319662;9
49062957;4
49062958;67x
48844425;3x400
49062959;5
49062960;247
6379977;74223
664903;2296x
49062961;9
49062963;766x
1011574;3
49062965;17
45321414;59x71
49062966;31x14
45490746;321x2
8434913;03x11
39519574;1320x
39318525;3101x
48617225;420
49062967;x9632
49062969;x8245
49062970;6
43155050;32x
49062971;43x11
48617230;11x3
10109728;x5354
49062972;9
36241715;492x2
35523909;25320
37049133;4811x
1418793;41773
43328665;x4145
45517528;51123
39595910;1x102
39161430;337x3
1249875;222x1
49062973;5563x
49062974;446x1
49062975;13190
21559983;5x280
49062976;32x5
49062977;121
49062978;111x
48844424;701
714079;27x0
49062979;432
49062980;12x45
49062981;3
49062982;344x1
49062983;513x4
49062985;3
39800121;5x112
49062986;2111
36407576;478x3
24051204;9x507
12986502;x1153
30105425;25230
41910048;912x3
2966783;343x6
40183469;x4213
27682683;110x6
22153295;68352
37451707;218x5
41488842;099x7
40522233;266x0
38533728;82x44
27279251;2010x
41643246;77189
48426954;1x270
45898019;021x3
49062987;316x7
4123995;11
49062988;33231
49062989;520x2
49062991;413
49062992;1x
38706946;88335
23389010;51627
40256341;9504x
28546299;72633
26207030;03879
26584933;66150
28290645;24341
38936378;66843
25166008;73256
11298330;55723
28546177;43919
38090825;82424
13094334;42487
36580804;60815
42465258;16503
48950516;0831x
41048070;22275
19100794;39447
24783723;23644
28306354;4x5x0
19463914;3599x
12381716;82465
8803391;85396
11471130;84971
21579070;72143
7245782;13337
10699300;57965
24632187;46693
23278469;53009
40796134;23824
39905467;341x4
22361210;8177x
48950517;1x609
12451670;76716
36580801;08x19
16311302;97715
28572235;11137
27922060;85683
12827996;21632
28300700;11174
12152874;54440
11192269;x99x8
23681687;5x637
27193290;56034
25089056;35498
42547004;95743
12018596;36867
40040643;80694
35091931;66x69
46436611;49836
18983792;67846
41816155;65064
8591092;64866
41602759;94905
48950518;2x59
43402406;8x528
48950519;2
41376610;697x5
41151968;66855
41376618;89666
48950520;3x343
5847947;87869
48950521;37
48950522;7
44537433;565x0
48950523;6848
566834;3
48950524;54
44712832;472x6
47693133;35482
47626811;23383
48950526;502x
35717957;6-141551
36413429;523586-2
41896769;5-22312
35840847;311-2416
36615912;86-14236
28307051;73-43436
42865841;5551225
915922;8/145884
13778193;5966135
28400047;8/417333
36299775;3281545
40475114;9356185
42356619;5813237
45554251;9831
5006746;7466754
39157308;9079945
40970514;6613587
40630126;3522633
36353046;2552107
39202447;2221184
39492859;1323362
35388395;4311954
40726455;415-3715
6807303;8212281
28386813;31-53521
29858359;4-541544
25685897;3113783
35718018;3424144
37272979;4543175
14550945;57-63137
25774607;2-512893
23801556;5603042
41733033;51-051
28383107;1555216
36039963;1-113702
26012443;1314325
28304258;2243113
26647450;3536041
35628419;063-5216
24769991;4257-477
2133874;460-7577
9198971;263353
40726456;08946-0
42507877;56676
42091240;0-
46655804;7577
47703949;87
19044466;333
26746865;48/3374-5
18526095;6037-33
36886697;6212416
39441360;2113585
40642642;5557101
38480318;244584-9
21415411;1277533
37606494;1344461
33070105;5141637
29858355;5442213
28602905;2432264
46566540;331
26040797;3-567831
41411070;9153-5
20085610;8-13033
36234634;6954239
41054488;3-212367
35417103;33-33135
220067;535
48125883;6
45651396;8407
48062020;8
45024767;5747
48439593;0
46845839;56
965248;57
16396435;43684
25863801;42498
12909647;44336
647791;x8185
2472868;x8715
22255264;81684
39161670;75987
41489235;67624
27280895;09973
18389590;57480
23678752;61226
16157446;66113
47039743;61233
27750389;2527x
3606992;53723
38937021;640x6
43184654;40x32
49088488;884x5
44389196;x4208
28528029;4x730
10675994;80486
42560912;4x43
2697518;27x5
49088491;247x
49088493;2x9x
49088494;2
49088497;6x
49088499;07
35773070;20512
41488930;7x016
49088500;03123
23937036;69132
39811464;x6784
45191113;64614
49088501;3010x
38668057;361x1
49088502;14x96
36088104;6x870
42188555;8x411
17286770;17x55
46836498;76055
49088503;3333x
49088504;626x6
28092645;04778
48672151;4x21
47637014;8x14
49088505;17
49088506;45x31
49088507;7x3
49088508;74
1140836;6x55
49088509;x3342
19920894;21715
45759105;27211
28699685;0x932
27333992;x6139
36749636;x0425
49088510;440x9
43858284;42513
48908177;08x64
42997734;x2219
49088511;98x32
47016559;93907
40031929;87385
45301222;50955
38999723;3635x
41308239;230x2
43669006;2289x
49088512;01231
16807833;61660
26516041;975x7
49088513;7257x
27849717;x6310
26706349;230x3
1203654;83235
43035172;x0243
49088514;96x24
49088515;705x4
7871598;6976x
49088516;21423
41234145;1608x
49088517;9x745
28728836;9332x
49088518;15x44
49088519;05614
37261333;12185
36227999;60032
38620267;5x517
42879309;66x01
49088520;137x5
45347970;6x083
49088521;716x2
15906270;12449
45919513;24323
22845357;21045
42483012;5318x
386263;21345
40113384;1x583
2340195;98x41
519783;1438x
42011071;2310x
5455338;x9304
49088522;0629x
42560884;5112x
35672167;6660x
49088523;1213x
49088524;4391x
46652571;11534
16140308;57851
27615471;15551
44327663;21x0x
37506077;28562
40658210;3010x
23475487;4x183
657571;34715
49088526;0x41
43350622;156x2
383130;x12x7
36409878;53184
49088528;1230x
37059511;268x7
49088529;73226
49088530;1x98
49088531;32233
49063585;78x17
540832;93x46
24503244;58x42
46241726;92159
25964870;2x029
39679634;06672
38079099;9x626
48403504;x3847
48702246;59x79
40842738;65362
49063586;93
41642873;70862
39133682;5x098
48702140;89x89
36137363;0x869
21649645;444x0
28314644;4x619
16822964;66x35
38698540;32497
35453793;76x99
35586969;57x55
49063587;077x4
49063588;4x418
49063589;58612
40026671;0x922
36387624;0090x
23181970;0x086
22927894;87x70
49063590;65807
49063591;66x
47611755;6843
40753269;23853
49063593;9
1178339;35x
49063594;7
49063595;8x366
49063597;46576
49063600;473x
49063601;86x4x
49063602;0x9
49063603;80x44
49063605;449x8
49063606;5
49063607;5587x
49063608;0x275
41643345;30721
26895723;2199x
12757850;32554
42687469;10x24
39078583;55869
40786124;22175
36580902;x6157
36834092;4079x
21627794;7646x
49063609;1
49063610;x7x81
43495037;4800x
45301470;3630x
40866578;5x607
30143094;5x544
11900535;87028
23599171;00002
38328010;3895x
39210608;05855
49063611;x8665
36612033;600x3
22300180;17192
25751108;x889x
49063612;35x66
49063613;x77x7
41931326;x768x
28153031;6448x
36514930;80676
36342261;80x63
48947983;67x75
48947984;6486
46473272;54303
48755964;2
48947985;49427
40040646;300x4
48947986;76965
40063012;67568
41490291;95374
10179207;57595
28776871;9008x
23131901;7x996
41513699;74749
7783618;709x6
24539946;89x22
38553659;908x5
39297279;47734
20591670;84425
13942220;54823
39008427;89312
24465401;77517
36864544;62436
33751155;44363
36241415;31564
35818984;33494
21530408;02672
43503490;35335
42209968;9x351
48947987;x1422
40856970;47108
37705259;87964
6913354;74795
44817530;52018
48624488;43849
3014243;65092
45714683;48479
47886229;20957
10610386;8360x
28360742;57847
17723530;93558
37228342;64083
24553838;735x4
35934722;3384x
17886993;54583
13443644;52594
11465237;33456
47817328;27279
37049164;x8706
41245676;54241
35672020;54465
29059565;36879
39446910;26374
21567057;72555
535496;x1317
29252115;58141
45490573;72108
48673545;32292
16311344;62221
41763027;14897
3437055;2515x
11320752;85149
37705255;13676
12758817;57192
27850956;81784
35595143;46451
23721186;32x48
48947988;195x0
20863843;08332
723306;23367
16408021;71x79
23202319;46x10
10699302;05891
23494684;20514
39368578;78193
21545484;36681
48947989;01223
24798355;7130x
23977123;6328x
42433206;95x25
28286311;x0547
1111084;48961
10791174;47783
13536304;616x3
43015997;81x06
47393922;09992
48947990;71125
1299360;24651
13580115;33846
41145682;56123
12785005;67x0x
22202372;17x09
41296063;5677x
49063432;8x963
38535056;363x7
49063433;5
49063434;9x9
43377799;536x4
49063435;636x8
41385558;8x056
40062359;8x670
39369457;4q854
48260778;54907
28579392;4469x
48260764;43x63
44160580;66232
49063438;63
1246476;3654
28498384;x070x
48426238;90643
47295323;67788
43328933;33x00
26992757;03573
28495001;x2313
3915624;x1156
38109916;4x692
38849188;97713
967900;21900
23692040;61451
49063439;0x063
47663672;24461
24644026;73543
23036684;41064
24366817;55496
38177802;7x262
41500165;1x084
49063440;77x65
35695884;49865
23036620;13445
2359124;64243
26896424;35444
453206;01604
40447252;x1642
27523566;43157
27593003;96475
26529938;x3653
23630766;50007
17996458;31862
26609760;24841
26323900;65x06
42770287;47579
39811355;00262
36154979;41145
48671967;x3514
49063441;48x05
28631203;212x6
904942;95739
28605969;7500x
49063442;948x6
37455273;4806x
28334905;01675
39658048;13633
40049946;3423
45249050;24252
9368566;090x3
2305272;64056
36593936;x77x5
49063069;56987
46809546;42526
39733956;30654
3484441;0x584
42119747;x6457
49063070;4
49063074;35x
49063075;56
3785434;3x
1067020;22
24288106;8529x
35442587;04583
49063077;x390x
49063078;7
49063079;2
49063080;25x5
49063081;93
2985867;69x5
49063082;0x9x
41397698;x8666
48843519;8760x
49063085;x706x
49063086;54049
41664696;0x12x
36291678;541x2
8418932;9174
44010976;136x
38534648;32534
4795973;1452x
49063087;4510x
39243589;x7750
46471681;51240
49063088;241x
49063089;60271
42226195;x519x
49063090;438x3
49063091;49843
49063092;650x0
15921657;24565
49063093;8
44966331;066x
49063095;38x
40688442;54049
49063096;640
2362301;6x59x
49063097;00x
36501535;00x89
49063098;7
49063099;6x
49063100;52475
49063101;x383x
49063102;8x
49063104;77
4360680;776x6
248125;4x4x8
49063107;5x
49063109;218x0
31391610;00x18
26789739;x1228
25488042;224x0
38328841;0x409
41663157;0304x
10446996;087x7
49063110;0799x
44757983;41380
3317578;320x8
35802904;151x9
46991911;21130
41819773;x104x
49063112;144x6
41748809;x15x5
24128010;11239
961327;466x1
49063113;11x83
40501570;91623
1556267;232x1
49063114;113x4
10678722;13728
49063115;39470
40272427;968x1
49063116;622x7
48672031;x70x6
47841669;00589
49039777;070x0
43491805;33237
49039778;0
45875164;x420x
42688489;9547x
49039780;4x026
49039784;609x7
49039776;764x3
47637096;29
1381868;433x7
49039785;600x4
49039786;47x5
49039787;352
49039788;653x
119574;x7637
47637130;x9074
49039789;9x652
3100820;73
43154311;96x94
47637108;96
974794;9x0
25646307;x9x58
42915888;00x0
49039791;0686x
49039792;87860
12231715;83464
41286199;07x22
38534775;48215
48458198;67961
36894927;512x9
49039793;618x2
5208119;x0503
37793917;6x355
23413385;6x244
17568105;70660
27385988;52058
33963820;11485
38398697;691x6
24116665;x4224
10631107;7x8x5
39308060;522x3
46291695;17112
16528655;769x6
24239844;5x958
39379166;61303
49039794;27127
42138945;313x2
23894457;247x8
26962901;64x8x
24997561;58436
12617382;x8744
41198824;2x943
35802535;2x621
49039795;842x3
22459044;x032x
49039796;619x2
24620174;x88x8
49039797;x2212
49039798;4228x
37506640;x45x4
38124176;553x6
39057161;18241
27830723;x90x0
49039799;85x87
38999890;78x15
49039800;20x53
45347519;43234
148050;1058x
19945032;0x16x
49039801;7x6x1
47440913;31232
49039802;4314x
41901564;22x34
38256391;0448x
41831698;7x300
41831702;x803x
49039803;99x44
36424006;72869
37023427;39x28
49040307;8x646
49040308;23
4193409;7
10299451;64x37
49040309;445
49040310;x6576
49040311;3x4
11129152;0080x
23054272;26667
13029061;17650
18234965;29539
19187524;16336
16904937;34243
28646716;2x295
10229792;87821
46496278;8189x
39232232;59x30
48315006;35662
49040313;x6x0x
44737011;4849x
4268837;x6x78
48516961;84366
872914;49x58
49040314;3346x
49040315;93x52
49040316;55637
673533;15470
27207235;77525
16653644;05843
1510878;26x95
13388450;86378
38898573;66755
17202352;78337
19282755;05x86
18697048;78854
26585914;35222
39732953;88x22
11213664;x7890
41810436;75843
49040317;219x
41642911;1006x
43084292;54610
49040318;121x1
36513147;52216
24416433;63445
41844771;72169
26101425;26625
47613394;13803
36568604;32316
40750088;64301
28277185;52582
39820763;1344x
41321420;02726
23811062;7x526
35620873;1335x
42270055;771x5
18426138;11094
49040319;046x2
46890379;32494
16040077;916x9
39797225;51819
1411323;93214
23389006;57325
38544642;41413
39879785;1541x
26748120;36925
41296621;655x2
709886;57955
24169697;x1232
36527132;15171
46315596;38857
49040320;66325
49040321;11x58
49040322;9
41110714;1x856
49040323;13x88
47648466;53
44132371;432522
48001709;4
44401870;741163
48298370;04
48001710;7
15859582;79
47545738;95
24281005;29221
45326128;252140
47030532;63
48244182;0
48499449;8
40789506;225232
40895083;8-
39459042;0-5
48470518;4
36937065;66
11824885;0
27914023;619212
41263395;966-972
24389189;10308-4
39449905;122566
39873107;617436
35808430;536006
45128553;6658
25334027;124677
40705719;74-60
7386810;34/8779
40166613;786612
41492684;111315
12974311;211043
25640732;364313
17951405;311423
28351976;321613
41182;1-59176
41341373;241344
630366;5-21466
39947009;315463
36666931;2-32445
10073929;426801
25981010;727412
15513525;405329
32686893;471206
13959560;611369
43387003;546766
26658450;447735
40450766;016940
35322652;34-5870
41377348;557380
39835446;481111
35940273;37-4241
28732342;312532
39450131;722136
25479108;56-2224
36868896;113264
39882251;767634
13310603;026482
40290327;726455
27049817;113159/
35421943;1563-80
41151151;002221
29824449;13-2243
42697759;786134
45350135;77063
20377796;214866
41021837;3-78625
41263256;40-377
39947016;233668
941390;656/8-67
43203992;9x93x
49040289;7x432
49040290;2
1002258;5
49040293;2x9
47413441;64x25
521963;4x
49040295;5x4
49040296;4
49040299;0608
47179197;x1623
49040302;x6153
47196392;x8819
46240887;75325
49040303;1
28700220;7x077
45691089;39784
1047359;x714x
14863425;3116x
36387354;3123x
28143963;1628x
49040304;153x6
39941689;0x063
25261649;425x8
420897;525x0
1502889;54383
36865732;79477
